.Random.seed <-
c(403L, 10L, -1971435101L, -2018067775L, -2030701904L, -284709426L, 
-493633223L, 1401748811L, -260212998L, 438745084L, 913627199L, 
1534730517L, 1617046060L, -20769022L, 1777882077L, -1296605481L, 
-36861506L, -47535112L, 1774796763L, 833090105L, -1091210360L, 
-2136739018L, 924799345L, -2141656157L, -611132686L, -1233733052L, 
-815930105L, -1357980451L, -1224713772L, -1240859398L, 1974830149L, 
-1444498273L, -698842L, 876384944L, -1198088365L, -294425999L, 
-790308960L, -545341634L, 407307849L, 636691195L, 100836042L, 
580060204L, -242205649L, -1807215387L, -2137662052L, 820682738L, 
255490669L, -1244414041L, 1836761550L, 1810376488L, 1194356011L, 
-777461943L, -1754889128L, 1272496390L, 1235500257L, 468057203L, 
267462882L, -388485036L, 1780192599L, -604945075L, -1193821980L, 
60605642L, 1410525493L, 1359429519L, 1618566294L, -278997952L, 
928097539L, 2049304865L, -1061608944L, 10201582L, -597033575L, 
-973223381L, 1052252954L, 1539981788L, 527505375L, -1646899275L, 
-785090228L, 911749026L, -2081650947L, -986396681L, 102670622L, 
-1257362472L, -1546244805L, 1174694617L, 1913439848L, 857511830L, 
1395319569L, 1263905987L, -989887278L, -1020186268L, 1638638759L, 
-476354051L, -775158796L, -1972773670L, -754594267L, -1669708993L, 
1434259654L, -474649264L, -1217014413L, 832749457L, 1260310976L, 
-1342123106L, 484887913L, -1103719013L, -276105046L, 1930553036L, 
-1960638577L, -1115864123L, -1565497476L, -1156556846L, -1960806579L, 
1694246407L, 1836168686L, -1645985592L, -1760063541L, -391271895L, 
1975474296L, 1953387942L, 890445761L, -1712454573L, 372894466L, 
2111483444L, 1402383287L, -279544915L, 1900212420L, 485164266L, 
-1446720683L, 741866735L, -1224977674L, 1218125344L, 1710482403L, 
-106682239L, 681080560L, 41276814L, 633920249L, 1800378507L, 
-1357176646L, -370625604L, -549852929L, -1679344555L, 1745864556L, 
-460982334L, 1468366877L, 616022167L, -887374338L, 1898548664L, 
-1360182885L, -270006279L, -1322463416L, -1092625802L, 474813361L, 
-559739421L, 355160754L, 13741828L, 1937740871L, -1325751523L, 
-1555318380L, 454524218L, -528457339L, 893268575L, 1090475238L, 
-1879005328L, -1058314093L, -1888574159L, -1681820704L, 345677950L, 
-335774967L, 1148689723L, -2084523766L, -1930665748L, 1534741871L, 
-143060315L, 1697164380L, -115987406L, -752587987L, -1409830425L, 
964480270L, -2145099032L, 257764587L, 220751241L, 1301919000L, 
385710150L, 921493665L, -222615757L, -105728350L, 1290929556L, 
-251966441L, -437396467L, -731645660L, -1434987254L, 866366581L, 
997941199L, 1584922838L, 1233174656L, -1144193341L, 1848789089L, 
-1080428336L, 2042606126L, -533802023L, 306764779L, 898447962L, 
1853574172L, 1413060895L, -145356427L, 2106558476L, -667201054L, 
-1555354947L, 1280927031L, 140823006L, 547770136L, -258800005L, 
29443097L, 886371496L, -1545679274L, 1689873105L, -356939133L, 
855195922L, 322561188L, -1925303193L, 708296125L, 765935412L, 
2009685146L, -1016356123L, 706960511L, 1716442630L, -1710464624L, 
-161866701L, -944917551L, -698877568L, 115292752L, -55461918L, 
1921912424L, -1557107124L, 445405436L, 1177567218L, 699503872L, 
850545524L, -472561656L, 7965114L, -1018729008L, -1648614420L, 
-410281068L, -1188893742L, 1927090016L, -553092788L, -578268896L, 
1395969922L, 3682024L, -722310932L, -1475723716L, -1988095118L, 
581482096L, -1942090716L, 1166655288L, -1514463078L, 601454288L, 
-471903044L, -418678124L, -1729688958L, 903106752L, 1490928956L, 
1492064400L, -1730052574L, 2075728392L, -63785716L, -1412103524L, 
149034514L, -1268113024L, 816734740L, 923483688L, -394550982L, 
303995856L, 305131116L, -967980236L, -1617087854L, -550128288L, 
973845836L, -1439198240L, -723136606L, 1997754280L, 674516876L, 
-963007812L, 2044922738L, -941211408L, -2054636476L, -1614815912L, 
-603516870L, 433025904L, 895341628L, -92845292L, 1850383810L, 
-1111225120L, -840312964L, -190138672L, 759716514L, 298382376L, 
1522729228L, 1192623036L, -1639549646L, -627710016L, 2088101428L, 
-1315857464L, -1862200134L, 454977424L, 1975986668L, 622605396L, 
-1861961070L, -2122212576L, -1991835188L, 487795680L, 1106843330L, 
-362760664L, 1326010028L, -656230724L, 2126815730L, 1307785520L, 
-1776744284L, -1924666696L, -1416941734L, 1199750544L, -1828909700L, 
91894036L, -571286206L, -997858560L, -1118639172L, 1716544336L, 
1841780002L, -953325240L, -133608436L, -913355684L, -176229166L, 
565040128L, 731260756L, 1493764584L, -1874338822L, 1918814928L, 
-2128108244L, 990559476L, 146514834L, -1462072224L, -606349044L, 
463350496L, -1260530334L, -681552216L, 706162252L, -496585860L, 
-923975886L, -875945360L, 31527236L, -1902188584L, -1860586374L, 
-1425794512L, 647425724L, 1457356628L, 1904823874L, 478166944L, 
1237712060L, -236834352L, -1813868190L, -630806552L, 1535065036L, 
-153334020L, 820210L, 1586017408L, -1545010956L, 177102984L, 
-1202826950L, -408079536L, -197541780L, -474522476L, 1059611986L, 
1913959136L, 1000041676L, 1069587616L, -174449278L, 2065042664L, 
-602100500L, -1084200900L, -666203022L, -368968592L, 572961316L, 
-2096376264L, -184921574L, 1212568784L, 1790912060L, 318693524L, 
1254485122L, -64468032L, -267800260L, 1784114832L, -2068675550L, 
1288613896L, 76690572L, 1771389980L, 893415570L, 877388928L, 
-1686823916L, -1404348632L, -1424570310L, -1301595952L, -566101908L, 
22482612L, -1162646510L, -787196960L, -626302004L, -555540000L, 
1927686178L, -884873944L, 1617080588L, -1953324484L, -579536654L, 
1462369520L, 1932810052L, 522656856L, -41781702L, 1781289200L, 
-1019742532L, -951463404L, 557284546L, -927200672L, 1330831740L, 
1631538384L, 1606445090L, 1281062056L, 2081497484L, 80417212L, 
184159282L, -1736419520L, 2092978868L, -1841349304L, -1634740550L, 
-1759280368L, -334653204L, 1533094996L, 1310346002L, -1239110240L, 
1545189324L, 2007675744L, 1905286338L, -976010712L, -1100694100L, 
-2019734724L, -2130976910L, -1600323792L, 741114916L, 783434296L, 
1255163610L, -1472199792L, 1438128380L, 66183572L, 1318593346L, 
-778987008L, -307600324L, 1824189008L, -185006942L, 1355151176L, 
779603970L, 683854487L, 296866913L, 671469734L, 1482604708L, 
-746522283L, 763554303L, -1674973032L, -1605345866L, -266717629L, 
-1428030587L, 1659445282L, -910535920L, 767172281L, 119239531L, 
1716005468L, -331929718L, -1942038657L, 1525992137L, 204702558L, 
-1420134388L, 293603293L, 169693927L, 1877740304L, 837681710L, 
74520795L, 2123138493L, 1951044394L, -1921270840L, 1989622001L, 
958117475L, -167673244L, 1699512722L, 1109487207L, 1674833457L, 
360674166L, -1902188396L, -1285654875L, -1113418833L, -782974872L, 
1080394822L, 1290007027L, 442862933L, -1440901326L, -409093376L, 
1598423017L, -1596997029L, -908493652L, -2006105414L, 1029195887L, 
1558758905L, -101179250L, -1569019556L, -197672499L, -423418569L, 
1248106432L, -1812967266L, 1990341995L, 1374162157L, -1528017574L, 
-144105960L, -672818303L, -588537549L, 2016776020L, -337630878L, 
-1932590601L, 1409864257L, -2131712314L, 713484292L, 1295116213L, 
-1536124769L, -505379592L, -1181864746L, 484019555L, 2127743269L, 
-189559102L, 1704713136L, 1273079769L, -1523019445L, 1213233084L, 
673951722L, -638478305L, -465895767L, -897949122L, -1428476116L, 
-1716496003L, 745621447L, 2079887024L, -1609343794L, 1645446651L, 
1757322845L, 254978442L, 115405224L, 2072743697L, -1111101949L, 
28100868L, 1478073650L, -1790817401L, -1176102447L, 792204118L, 
-1935976140L, 1206200389L, 746074255L, -403907064L, 1523384870L, 
1294697171L, 1022989365L, 1116900242L, 1380907872L, -615463223L, 
-1223378437L, 1688708556L, 496673882L, 910874959L, -283817959L, 
-199881170L, -844712900L, 1434550701L, -321711529L, -1641206880L, 
-29503234L, 1001853899L, -912538163L, -2013435654L, 1896839992L, 
-1185744671L, 1598897043L, -1470578764L, -793803582L, 1486342359L, 
-948013791L, -534088474L, -1108958748L, -1301701355L, 409818431L, 
1856686296L, 1141496054L, 1590543107L, -1313205179L, 699018338L, 
-1824117808L, -1920065287L, 554781227L, -1599711844L, 967470538L, 
1876762303L, 1573781513L, 631152926L, -394124084L, 1783492765L, 
